
1,435,268,916,429,457
2,131,701,768,460,296
3,772,673,863,335,724
4,570,451,509,529,47
5,56,622,545,795,268
6,18,474,308,313,537
7,650,234,846,843,313
8,197,600,619,352,746
9,596,123,740,744,433
10,234,6,932,474,293
11,271,537,450,297,379
12,786,533,715,823,632
13,234,450,537,293,796
14,264,344,514,406,474
15,935,931,637,181,800
16,823,293,311,538,474
17,540,895,470,634,104
18,537,474,234,85,271
19,579,282,481,364,574
20,290,459,254,897,330
21,814,372,802,546,422
22,638,158,746,600,757
23,913,738,151,815,293
24,62,913,854,719,468
25,298,313,847,151,148
26,104,582,432,742,938
27,32,403,50,69,467
28,814,422,604,425,843
29,827,750,431,220,433
30,811,140,482,563,134
31,567,448,79,615,747
32,432,582,793,26,501
33,511,502,853,335,616
34,531,681,520,824,241
35,451,510,812,853,724
36,685,574,39,827,812
37,746,217,466,346,619
38,254,897,83,620,577
39,547,147,820,105,278
40,273,803,656,149,683
41,867,96,933,508,738
42,864,577,487,43,311
43,378,654,864,42,588
44,738,864,650,804,660
45,101,703,432,779,549
46,652,732,803,735,637
47,171,926,448,570,803
48,694,781,298,890,215
49,276,94,303,773,363
50,27,176,150,473,32
51,679,700,746,844,676
52,569,540,689,634,63
53,703,438,348,569,137
54,938,714,526,104,759
55,700,137,37,513,714
56,222,864,109,487,457
57,714,938,432,654,141
58,264,535,327,268,1
59,537,429,474,308,7
60,716,650,313,234,474
61,335,134,724,258,772
62,457,916,864,92,429
63,104,176,79,735,770
64,896,933,59,738,864
65,533,43,514,106,823
66,432,714,674,540,689
67,386,357,348,893,518
68,714,735,120,834,703
69,467,910,117,115,32
70,738,472,807,56,541
71,370,62,41,430,232
72,311,59,474,374,207
73,737,114,305,666,567
74,905,143,190,831,526
75,769,518,348,357,624
76,498,177,645,387,198
77,96,933,521,198,774
78,220,563,140,926,63
79,63,662,491,937,735
80,85,343,781,538,263
81,518,534,525,357,75
82,716,298,271,881,313
83,577,42,796,901,222
84,637,891,554,634,168
85,234,537,716,18,271
86,750,574,740,898,461
87,933,886,301,22,194
88,111,147,801,784,100
89,582,770,768,680,150
90,537,450,18,85,151
91,694,488,780,197,263
92,222,276,457,864,435
93,89,895,800,636,769
94,682,293,276,303,7
95,311,864,194,373,457
96,77,41,933,298,6
97,70,694,913,198,843
98,481,318,591,208,283
99,178,117,663,453,216
100,616,126,205,863,827
101,714,45,674,432,718
102,56,545,222,276,650
103,66,238,879,797,104
104,26,63,467,834,624
105,920,842,827,820,809
106,65,878,538,43,474
107,282,220,149,570,335
108,549,714,735,438,569
109,222,56,551,301,92
110,487,197,130,393,222
111,547,171,179,720,206
112,729,724,920,547,284
113,451,926,697,413,173
114,198,933,73,352,6
115,527,352,213,913,663
116,784,920,683,724,587
117,99,432,493,521,347
118,387,814,21,368,833
119,540,178,99,190,717
120,68,674,634,277,540
121,910,184,615,800,693
122,537,59,85,846,311
123,929,298,85,402,527
124,778,700,162,248,538
125,87,476,698,650,407
126,100,284,353,258,784
127,702,483,603,183,550
128,716,618,95,311,457
129,720,240,740,845,520
130,222,487,276,472,880
131,2,594,199,743,227
132,492,138,581,765,360
133,146,206,544,783,772
134,258,61,173,810,811
135,218,375,145,671,328
136,558,590,199,937,569
137,513,714,800,769,689
138,82,6,666,524,474
139,17,176,150,467,473
140,220,570,732,155,824
141,938,168,396,164,552
142,865,592,466,502,834
143,772,529,841,356,74
144,592,207,293,457,178
145,130,276,880,551,222
146,809,171,133,775,611
147,39,547,105,111,191
148,864,44,41,843,307
149,273,915,570,107,284
150,467,789,176,203,735
151,716,234,271,18,85
152,593,43,796,314,378
153,488,826,600,710,163
154,537,498,313,875,456
155,824,140,687,740,529
156,391,522,263,627,492
157,540,624,54,294,32
158,22,600,268,746,896
159,938,552,396,26,634
160,854,467,498,303,833
161,660,210,82,232,288
162,124,521,137,66,700
163,61,134,309,153,827
164,396,190,141,552,168
165,203,550,721,479,919
166,61,515,335,362,598
167,716,313,747,670,233
168,674,141,518,938,164
169,509,225,694,350,398
170,510,824,853,544,755
171,111,47,206,720,146
172,334,218,234,747,437
173,755,853,616,451,810
174,345,593,919,43,416
175,618,391,421,48,352
176,789,104,150,63,432
177,442,773,933,198,521
178,222,416,551,864,457
179,353,111,356,515,809
180,514,295,711,92,823
181,634,486,938,348,15
182,703,689,402,432,779
183,127,483,702,275,56
184,85,151,655,378,429
185,651,68,212,461,277
186,332,633,374,347,647
187,615,514,271,128,379
188,328,864,693,457,301
189,234,381,6,840,299
190,164,717,396,634,74
191,353,827,775,240,428
192,569,413,104,403,63
193,796,222,871,301,910
194,313,7,311,95,846
195,550,354,363,301,62
196,860,523,579,591,378
197,600,826,619,8,871
198,738,843,933,514,618
199,131,634,680,209,136
200,472,109,222,394,435
201,276,537,655,293,429
202,902,571,505,313,892
203,432,703,150,32,66
204,926,47,146,743,111
205,356,827,258,812,111
206,863,171,133,111,845
207,653,933,881,308,271
208,481,878,860,591,579
209,735,131,199,2,937
210,716,198,881,643,514
211,797,395,185,602,492
212,288,667,651,185,316
213,693,16,374,864,618
214,6,592,875,62,201
215,843,694,738,488,653
216,453,886,201,551,429
217,619,37,600,826,746
218,264,315,115,370,297
219,926,750,418,171,163
220,827,140,740,282,107
221,453,880,216,886,521
222,276,457,487,178,682
223,304,654,630,314,178
224,721,311,328,222,378
225,169,426,731,465,890
226,498,177,913,198,843
227,590,789,470,150,63
228,856,206,377,845,376
229,673,574,240,713,410
230,290,298,749,330,786
231,714,935,550,238,708
232,537,468,271,6,465
233,85,18,271,474,533
234,308,85,450,537,7
235,6,44,561,924,537
236,618,271,693,533,207
237,527,465,96,543,6
238,879,231,718,714,101
239,932,537,840,18,406
240,809,616,229,428,820
241,920,783,646,787,511
242,837,93,895,706,252
243,106,378,184,878,711
244,222,682,551,916,92
245,779,517,689,137,718
246,303,109,222,301,864
247,730,797,582,310,133
248,117,867,493,933,425
249,864,1,592,854,268
250,592,276,297,94,198
251,730,168,66,432,137
252,390,470,906,735,68
253,850,632,796,933,715
254,290,807,495,897,56
255,814,546,21,28,372
256,374,393,332,280,42
257,68,449,894,884,909
258,812,646,134,205,729
259,117,395,178,603,832
260,515,729,920,362,356
261,205,732,510,811,644
262,330,378,43,457,864
263,650,313,694,716,311
264,218,58,315,14,361
265,730,714,759,706,703
266,735,874,765,572,937
267,933,886,774,346,738
268,303,276,1,864,521
269,339,537,308,833,85
270,916,145,378,367,361
271,537,716,474,151,18
272,115,391,379,315,913
273,149,915,284,775,40
274,708,432,935,714,634
275,290,56,545,843,807
276,222,435,268,293,94
277,432,792,569,120,680
278,820,39,485,926,482
279,268,727,303,276,521
280,222,378,256,301,457
281,589,529,515,824,853
282,107,220,448,529,827
283,579,264,5,476,373
284,611,784,574,863,920
285,702,676,179,669,260
286,43,429,222,276,417
287,32,467,432,294,936
288,263,538,924,391,297
289,714,386,101,251,759
290,254,275,313,545,749
291,276,303,453,682,130
292,908,889,537,650,239
293,94,429,276,7,308
294,32,582,54,634,730
295,650,495,450,373,230
296,271,2,144,297,753
297,864,1,363,455,222
298,194,313,716,890,271
299,537,883,18,334,189
300,730,692,725,170,510
301,864,487,222,682,276
302,813,801,335,529,783
303,268,94,276,301,429
304,400,33,223,335,166
305,151,18,537,293,85
306,794,460,857,413,803
307,23,622,536,660,70
308,234,59,7,293,537
309,173,853,510,787,740
310,247,703,517,931,79
311,95,846,716,650,474
312,932,234,7,426,151
313,716,650,749,892,7
314,393,222,130,416,682
315,264,218,214,854,823
316,18,503,24,878,719
317,362,772,616,335,729
318,207,210,43,271,716
319,112,547,353,611,362
320,222,497,130,671,757
321,474,6,18,312,234
322,744,237,573,686,710
323,432,637,592,99,66
324,66,624,938,486,470
325,666,932,766,694,7
326,650,313,694,774,398
327,308,429,537,514,201
328,788,551,311,474,293
329,526,834,592,413,333
330,290,716,864,42,230
331,537,803,592,10,1
332,130,347,374,880,178
333,329,210,161,623,575
334,537,429,474,151,269
335,61,33,362,810,515
336,476,125,790,222,453
337,702,127,807,483,183
338,18,383,151,6,666
339,293,194,650,537,269
340,541,230,786,298,716
341,511,241,451,783,853
342,592,18,870,406,6
343,537,271,151,339,380
344,43,378,514,864,913
345,416,43,378,184,457
346,653,347,435,746,896
347,222,521,346,880,332
348,938,181,168,434,101
349,518,470,906,181,636
350,890,929,698,96,325
351,787,755,598,489,863
352,421,8,933,249,115
353,809,179,356,920,191
354,151,537,18,90,707
355,529,408,801,155,695
356,841,205,809,920,856
357,101,825,518,634,181
358,585,214,62,884,18
359,32,941,294,141,386
360,6,343,296,271,313
361,264,151,299,498,429
362,827,335,317,853,510
363,276,864,429,416,514
364,685,520,740,827,824
365,572,63,486,717,79
366,368,367,617,21,814
367,802,422,368,366,21
368,604,366,367,802,422
369,584,676,813,509,679
370,71,753,704,474,218
371,290,313,933,95,198
372,814,21,422,802,925
373,95,311,194,450,429
374,222,618,864,551,178
375,135,186,619,633,740
376,296,878,121,904,316
377,814,579,297,102,546
378,457,864,43,222,416
379,85,313,151,716,7
380,151,85,271,343,537
381,189,747,321,650,82
382,391,527,6,114,62
383,338,6,85,537,269
384,820,616,356,408,353
385,6,833,269,537,567
386,513,817,714,689,168
387,94,276,59,738,864
388,502,515,74,422,33
389,234,716,308,406,766
390,252,791,424,895,735
391,666,474,6,694,527
392,480,592,6,299,409
393,130,416,276,487,222
394,472,222,497,56,301
395,549,254,290,248,618
396,164,190,141,26,938
397,537,561,567,6,474
398,716,326,650,313,892
399,276,222,864,301,551
400,724,515,598,616,544
401,398,474,454,271,293
402,590,68,735,612,115
403,549,714,438,703,938
404,646,724,258,827,510
405,846,94,7,311,308
406,537,7,234,308,85
407,650,738,435,864,398
408,898,740,384,356,39
409,666,537,474,932,18
410,229,598,784,803,611
411,22,899,326,638,579
412,748,645,249,198,97
413,937,735,931,569,192
414,105,240,809,920,112
415,836,781,350,710,929
416,450,222,293,178,532
417,276,222,94,435,268
418,111,179,616,724,205
419,704,465,553,888,321
420,491,465,590,79,458
421,352,538,115,498,643
422,814,21,372,367,802
423,784,809,856,351,356
424,390,266,652,858,441
425,880,757,268,387,197
426,312,694,932,389,553
427,126,587,173,446,451
428,724,240,827,784,775
429,59,916,293,94,450
430,460,743,789,793,569
431,485,755,827,652,750
432,703,66,32,793,26
433,740,743,29,651,827
434,348,357,181,599,159
435,276,682,1,864,94
436,429,416,222,59,682
437,85,18,151,429,650
438,891,403,672,935,714
439,150,624,917,525,32
440,428,787,133,147,894
441,636,768,502,873,582
442,551,268,177,222,586
443,335,282,105,107,673
444,791,413,400,335,818
445,177,54,323,923,910
446,853,803,574,784,529
447,178,715,347,109,457
448,47,547,171,282,570
449,257,581,894,590,828
450,234,716,416,59,474
451,529,510,173,489,853
452,85,747,474,18,234
453,216,864,880,222,347
454,716,474,313,311,650
455,457,178,222,297,378
456,561,59,276,293,429
457,222,864,62,378,92
458,537,527,747,18,592
459,938,552,800,674,332
460,733,2,874,227,590
461,111,131,199,547,408
462,170,258,515,510,589
463,936,104,63,569,634
464,853,810,858,529,446
465,838,913,419,237,214
466,37,619,871,671,197
467,730,473,150,104,793
468,1,592,293,429,330
469,426,237,10,234,321
470,569,486,227,203,634
471,620,38,70,330,882
472,394,222,200,130,301
473,467,227,789,936,266
474,537,59,271,18,846
475,278,720,866,752,611
476,336,125,264,514,283
477,904,152,256,684,89
478,216,301,682,293,327
479,738,198,896,899,650
480,392,16,661,85,745
481,208,98,553,650,694
482,205,146,485,278,832
483,127,702,183,603,44
484,715,109,95,757,705
485,240,431,920,820,278
486,634,181,735,540,936
487,222,301,715,130,864
488,896,313,311,892,650
489,587,451,351,863,616
490,730,770,467,252,26
491,79,420,569,590,227
492,781,85,132,360,321
493,347,521,864,738,198
494,744,298,879,698,594
495,650,394,222,7,843
496,394,916,521,94,679
497,222,727,394,268,56
498,537,334,198,215,151
499,409,666,650,940,321
500,457,916,184,303,378
501,793,32,432,26,936
502,33,724,515,404,510
503,537,354,271,747,533
504,450,378,881,749,293
505,618,44,850,749,188
506,846,311,313,650,59
507,564,787,841,179,509
508,738,198,538,843,379
509,544,740,827,816,863
510,873,853,832,451,170
511,33,241,853,783,335
512,371,910,368,499,785
513,137,549,714,689,386
514,738,198,457,823,864
515,400,673,179,646,100
516,780,148,41,154,329
517,895,708,714,800,550
518,168,634,181,101,357
519,489,3,724,626,587
520,364,803,681,258,129
521,738,268,347,222,435
522,686,666,325,645,409
523,591,318,878,639,196
524,537,474,59,846,666
525,582,793,938,800,432
526,54,32,735,74,637
527,537,6,406,308,645
528,700,56,326,22,521
529,143,451,853,173,489
530,563,352,665,230,236
531,229,598,240,818,112
532,416,222,551,303,178
533,749,313,716,881,457
534,706,634,396,181,26
535,474,537,234,85,18
536,290,230,618,648,330
537,59,474,524,846,271
538,786,933,508,738,457
539,391,85,305,321,667
540,634,68,938,486,104
541,712,70,290,807,42
542,933,892,870,276,886
543,207,293,457,92,271
544,740,853,783,258,133
545,290,757,222,830,109
546,814,21,255,422,368
547,111,39,147,112,915
548,145,164,634,190,54
549,714,513,759,403,869
550,703,580,231,596,61
551,222,328,682,178,109
552,141,164,101,580,938
553,426,312,890,474,321
554,764,786,178,882,457
555,560,680,26,569,540
556,890,350,645,928,214
557,783,464,177,499,511
558,136,794,590,266,131
559,207,87,538,933,653
560,555,549,854,32,26
561,59,234,537,7,429
562,618,536,650,398,313
563,438,576,530,78,30
564,507,513,931,714,54
565,585,884,855,829,828
566,429,933,301,618,457
567,537,385,6,312,389
568,234,426,6,747,312
569,634,470,714,413,432
570,47,149,140,220,544
571,321,753,669,202,562
572,266,735,365,413,569
573,85,694,322,929,288
574,284,229,827,920,112
575,700,753,686,745,538
576,438,703,569,563,108
577,864,42,109,222,378
578,166,33,687,362,335
579,283,264,514,65,377
580,549,714,550,552,596
581,449,735,526,209,834
582,26,32,525,730,294
583,913,380,537,14,343
584,8,638,70,497,700
585,828,861,565,855,909
586,709,347,301,442,435
587,489,724,284,179,428
588,43,864,378,416,796
589,281,33,451,810,853
590,227,733,569,136,594
591,18,378,271,716,429
592,303,537,293,854,276
593,152,378,43,178,618
594,131,17,590,735,869
595,793,624,634,432,181
596,811,580,258,550,797
597,596,265,759,895,714
598,400,531,351,410,787
599,708,872,938,630,434
600,197,826,217,22,158
601,254,44,215,521,198
602,644,800,879,714,674
603,127,425,738,109,352
604,368,814,802,28,21
605,207,144,6,533,488
606,618,896,682,222,94
607,138,932,876,237,794
608,870,474,716,618,535
609,728,281,906,349,550
610,693,230,454,236,618
611,284,915,784,713,105
612,402,348,252,800,935
613,691,465,913,610,391
614,518,917,595,26,348
615,85,537,271,666,187
616,827,384,173,810,240
617,814,833,802,21,776
618,896,374,606,716,128
619,197,217,826,466,8
620,471,38,254,541,642
621,276,301,393,497,880
622,222,864,521,749,301
623,716,690,638,87,210
624,432,634,104,26,697
625,899,848,804,738,198
626,724,920,105,772,408
627,328,788,197,201,276
628,544,853,920,509,812
629,64,933,592,608,378
630,872,374,332,768,223
631,809,240,646,353,356
632,618,864,487,42,896
633,487,739,186,347,618
634,540,181,486,569,624
635,812,853,284,784,770
636,441,768,349,74,192
637,634,15,525,26,526
638,22,746,346,738,933
639,537,18,354,503,878
640,632,886,276,514,268
641,123,383,537,870,305
642,472,393,712,577,588
643,716,303,313,301,889
644,602,510,730,938,552
645,537,59,666,833,527
646,258,404,856,241,515
647,850,454,505,927,109
648,56,545,650,804,881
649,759,742,513,602,938
650,313,843,7,804,749
651,858,743,740,570,278
652,755,431,46,335,302
653,222,804,933,896,435
654,43,178,538,715,864
655,537,201,592,308,13
656,673,229,149,40,611
657,120,17,277,540,569
658,680,592,402,249,458
659,311,474,716,194,454
660,804,650,276,864,738
661,738,748,198,479,474
662,79,439,467,917,735
663,99,910,347,592,117
664,18,151,823,308,932
665,606,222,178,347,276
666,524,537,271,293,391
667,136,503,618,854,271
668,673,596,335,410,240
669,6,744,214,862,889
670,568,292,321,694,426
671,600,466,320,425,256
672,438,45,869,549,834
673,713,229,515,656,206
674,879,800,168,432,101
675,273,149,866,47,448
676,679,104,251,380,26
677,32,663,335,252,717
678,879,525,735,549,649
679,676,51,496,297,554
680,277,730,17,569,735
681,241,598,520,873,787
682,94,222,435,880,276
683,863,284,100,112,611
684,43,457,554,42,56
685,364,36,740,240,926
686,339,716,645,391,409
687,155,140,149,529,220
688,544,724,589,428,784
689,714,779,432,513,66
690,87,864,301,643,56
691,613,686,468,867,96
692,722,300,708,938,99
693,213,618,716,610,835
694,650,313,326,716,474
695,752,547,611,485,920
696,531,809,129,713,775
697,104,624,569,793,470
698,716,694,313,896,650
699,486,569,181,26,624
700,575,124,55,117,51
701,784,2,423,931,229
702,127,598,483,400,183
703,432,714,779,68,550
704,474,716,553,426,409
705,484,746,577,56,42
706,265,534,120,674,879
707,354,537,151,655,85
708,938,714,432,274,26
709,222,586,943,600,880
710,686,96,747,16,929
711,18,378,437,457,450
712,541,405,311,642,95
713,673,611,229,915,775
714,689,759,549,68,66
715,487,222,933,484,916
716,313,151,398,450,271
717,190,26,634,104,540
718,101,935,939,872,432
719,24,693,42,236,207
720,129,111,171,206,863
721,224,451,514,378,43
722,403,190,238,164,938
723,679,148,117,154,579
724,920,827,400,428,112
725,812,810,729,743,853
726,141,674,520,258,223
727,497,222,804,864,435
728,120,824,609,811,761
729,112,258,356,646,772
730,265,467,770,432,582
731,716,234,912,18,398
732,140,451,824,853,803
733,460,590,486,470,634
734,850,780,716,189,454
735,68,413,834,266,486
736,797,858,549,651,581
737,73,248,498,214,933
738,650,843,198,521,757
739,633,780,12,91,210
740,544,408,827,791,258
741,796,416,864,178,586
742,26,730,549,66,689
743,740,240,791,926,220
744,322,669,96,237,494
745,575,527,85,402,6
746,37,22,346,638,217
747,234,716,537,85,18
748,913,738,661,843,660
749,650,313,892,864,804
750,853,811,810,755,616
751,650,407,514,56,899
752,863,695,842,284,611
753,575,296,91,830,890
754,569,277,432,917,792
755,853,173,351,544,652
756,109,738,56,648,42
757,222,738,545,715,484
758,293,303,592,537,334
759,714,549,265,703,54
760,262,588,904,174,283
761,703,403,432,935,552
762,877,904,483,590,883
763,18,535,537,62,151
764,554,43,786,577,347
765,266,424,680,874,460
766,313,7,650,326,694
767,236,553,932,694,704
768,26,438,2,66,441
769,137,779,634,45,689
770,730,432,26,176,742
771,43,554,378,514,779
772,143,816,784,61,841
773,177,1,868,198,268
774,326,846,843,311,766
775,915,146,713,809,191
776,843,766,339,407,650
777,554,233,136,492,715
778,124,715,933,442,56
779,689,714,703,68,45
780,91,298,694,734,326
781,492,902,77,933,215
782,489,863,100,587,784
783,544,241,133,33,511
784,284,611,423,772,809
785,538,253,55,654,913
786,538,311,398,815,554
787,724,351,873,827,920
788,328,311,194,650,7
789,227,150,176,26,467
790,301,394,727,715,109
791,740,755,544,743,853
792,277,634,403,525,540
793,501,432,32,525,26
794,558,306,590,460,594
795,660,276,738,92,5
796,450,749,311,416,13
797,66,596,482,730,602
798,541,290,642,393,727
799,742,169,47,902,112
800,879,674,525,602,580
801,33,920,302,863,616
802,21,604,367,814,372
803,47,446,220,570,410
804,650,881,749,653,727
805,276,94,435,301,864
806,198,738,339,62,293
807,313,650,545,311,738
808,544,408,783,853,531
809,356,353,920,240,105
810,873,616,812,173,510
811,510,544,134,400,598
812,258,205,810,510,740
813,302,502,258,787,681
814,21,255,372,604,422
815,864,313,650,738,716
816,772,510,33,810,853
817,941,386,569,190,689
818,229,531,400,827,574
819,149,448,3,547,683
820,384,105,915,827,920
821,213,786,82,178,298
822,606,779,771,927,756
823,864,896,514,303,429
824,155,510,170,140,364
825,938,793,552,634,357
826,600,197,217,619,102
827,205,616,724,740,105
828,894,585,191,855,257
829,884,861,894,381,855
830,545,326,311,650,892
831,74,856,919,143,297
832,510,482,810,205,258
833,387,308,293,385,7
834,68,26,104,735,540
835,716,693,694,313,298
836,315,105,415,271,48
837,895,857,15,708,597
838,654,883,738,43,465
839,634,486,181,624,540
840,234,932,293,18,312
841,356,143,772,205,616
842,105,611,284,784,489
843,650,7,738,198,222
844,654,484,922,497,487
845,206,129,574,863,520
846,537,311,7,474,716
847,650,44,738,56,222
848,650,840,85,881,313
849,20,671,618,117,806
850,253,454,330,734,632
851,663,880,332,425,294
852,549,513,714,793,137
853,755,544,510,446,173
854,592,6,249,160,297
855,585,828,257,829,565
856,356,258,784,646,898
857,772,837,306,400,937
858,651,791,834,444,464
859,525,692,665,595,26
860,273,775,920,547,356
861,909,585,884,829,828
862,650,804,293,59,933
863,724,206,284,611,100
864,457,301,276,95,222
865,634,32,54,582,677
866,111,39,448,547,611
867,198,493,41,738,538
868,738,198,435,843,268
869,549,525,834,26,730
870,537,474,59,85,271
871,197,466,619,600,91
872,630,432,718,190,768
873,510,810,787,33,598
874,266,460,473,651,590
875,214,645,537,870,305
876,298,154,48,924,607
877,878,299,361,457,828
878,18,85,437,151,452
879,674,800,525,101,678
880,682,222,276,130,347
881,804,194,313,749,311
882,897,313,786,554,330
883,537,299,561,308,59
884,829,199,257,651,861
885,541,373,70,56,330
886,933,682,864,429,276
887,472,301,897,642,130
888,419,615,576,794,376
889,429,916,293,1,435
890,350,929,313,298,650
891,438,935,634,552,917
892,313,749,311,650,398
893,549,67,764,348,759
894,828,655,486,423,624
895,517,837,17,770,597
896,618,59,429,64,94
897,749,313,650,882,892
898,408,856,356,863,713
899,457,715,479,716,514
900,905,74,156,910,793
901,83,881,109,222,42
902,791,781,360,838,698
903,933,293,537,201,561
904,477,152,376,361,208
905,74,190,725,26,742
906,634,252,486,349,470
907,178,141,593,181,274
908,292,298,339,854,234
909,861,257,585,884,829
910,663,548,800,432,26
911,716,843,151,848,313
912,398,60,716,694,313
913,23,738,387,748,407
914,208,904,152,477,711
915,611,920,273,820,775
916,429,94,303,1,276
917,891,439,614,906,662
918,151,840,90,716,85
919,592,770,569,486,894
920,105,724,809,356,915
921,554,882,550,254,393
922,407,222,109,394,56
923,432,501,938,825,663
924,738,288,694,44,622
925,372,814,388,802,21
926,47,171,740,827,446
927,109,472,56,130,42
928,556,635,333,929,467
929,890,350,123,96,91
930,931,168,141,614,935
931,413,15,701,423,104
932,312,234,840,426,7
933,64,886,653,87,198
934,85,716,151,694,7
935,891,718,438,101,714
936,486,463,540,501,789
937,413,735,266,931,569
938,159,141,708,54,26
939,718,891,800,357,703
940,454,144,666,913,499
941,817,582,359,689,17
942,263,454,815,488,694
943,222,709,864,472,886